Input Log
8
{(1,1),(2,2)} 0
{(2.92,3.14),(4.5,0.72)} 1
{(2.82,1.26),(5.6,3.76)} 2
{(2.04,3.42),(7.36,0.54)} 3
{(0.74,2.1),(8.1,3.14)} 4
{(3.84,3.88),(6.4,0.44)} 5
{(3.28,0.66),(7.04,2.5)} 6
{(9.16,2.3),(9.8,2.1)} 7
(0.74,2.1) 4
(1,1) 0
(2,2) 0
(2.04,3.42) 3
(2.82,1.26) 2
(2.92,3.14) 1
(3.28,0.66) 6
(3.84,3.88) 5
(4.5,0.72) 1
(5.6,3.76) 2
(6.4,0.44) 5
(7.04,2.5) 6
(7.36,0.54) 3
(8.1,3.14) 4
(9.16,2.3) 7
(9.8,2.1) 7
1
CUR {(0.74,2.1),(8.1,3.14)}
2
CUR {(1,1),(2,2)}
PREV {(0.74,2.1),(8.1,3.14)}
3
CUR {(2.04,3.42),(7.36,0.54)}
SUCC {(0.74,2.1),(8.1,3.14)}
4
CUR {(2.82,1.26),(5.6,3.76)}
PREV {(0.74,2.1),(8.1,3.14)}
5
CUR {(2.92,3.14),(4.5,0.72)}
PREV {(2.04,3.42),(7.36,0.54)}
SUCC {(0.74,2.1),(8.1,3.14)}
6
CUR {(3.28,0.66),(7.04,2.5)}
PREV {(2.82,1.26),(5.6,3.76)}
7
CUR {(3.84,3.88),(6.4,0.44)}
SUCC {(2.04,3.42),(7.36,0.54)}
8
CUR {(9.16,2.3),(9.8,2.1)}
Sweep Status Log
0
